spawns:
  default:
    world: 33c6c032-403c-4bea-a61e-539f3293dd75
    world-name: world
    x: 0.6049710257328266
    y: 63.0
    z: 18.525882279361777
    yaw: 178.8099365234375
    pitch: -9.750218391418457
