spawns:
  default:
    world: 65cb77e9-5006-4c46-ae55-a4064baaa664
    world-name: world_the_end
    x: 0.03184679265952249
    y: 63.0
    z: 2.8014642120900843
    yaw: -179.40261840820312
    pitch: 0.29999178647994995
