default: 
   Location: 
      x: 0.5323660571706637
      y: 63.0
      z: 18.339376711851113
      pitch: -4.650132
      world: world
      yaw: -179.53606
